[
    {
        "collision_distance": 0.054543495178222656,
        "collision_object1_name": "workpiece",
        "collision_object2_name": "tool0",
        "collision_offset": 0.10000000149011612,
        "collision_point": {
            "x": 1.206825852394104,
            "y": 2.1158478260040283,
            "z": 0.47217684984207153
        },
        "collision_type": 2,
        "id": 9,
        "joint_pose": [
            2.0454692931243175,
            1.6361527136710756,
            -0.18698457832034376,
            -1.1600553166681726,
            0.3907793373498097,
            0.7378690691764535,
            0.4603179749445937
        ],
        "link_transforms": {
            "base_link": [
                [
                    0.0,
                    0.9999808199999999,
                    0.0,
                    0.0
                ],
                [
                    -0.9999808199999999,
                    0.0,
                    0.0,
                    2.0454692931243175
                ],
                [
                    0.0,
                    0.0,
                    0.9999808199999999,
                    0.0
                ],
                [
                    0.0,
                    0.0,
                    0.0,
                    1.0
                ]
            ],
            "link_1": [
                [
                    0.9978458924105214,
                    -0.06530861633293408,
                    0.0,
                    0.0
                ],
                [
                    0.06530861633293408,
                    0.9978458924105214,
                    0.0,
                    2.0454692931243175
                ],
                [
                    0.0,
                    0.0,
                    0.9999808199999999,
                    0.5649891632999999
                ],
                [
                    0.0,
                    0.0,
                    0.0,
                    1.0
                ]
            ],
            "link_2": [
                [
                    0.9804526544026866,
                    0.1854966778013392,
                    -0.0653086163324935,
                    0.1496768838615782
                ],
                [
                    0.0641709201162276,
                    0.012137066869449618,
                    0.9978458924037898,
                    2.0552655855742574
                ],
                [
                    0.18589331847604265,
                    -0.9825504132106124,
                    -3.6731346512866716e-06,
                    0.5649891632999999
                ],
                [
                    0.0,
                    0.0,
                    0.0,
                    1.0
                ]
            ],
            "link_3": [
                [
                    0.8248353271303526,
                    -0.5615550274700037,
                    0.0653014135283494,
                    -0.06364429560996185
                ],
                [
                    0.05398046561138783,
                    -0.03674757062041842,
                    -0.9978463638024384,
                    2.0413079586743903
                ],
                [
                    0.5627561042032464,
                    0.8265997868040698,
                    2.307459565000915e-06,
                    1.6949221384922042
                ],
                [
                    0.0,
                    0.0,
                    0.0,
                    1.0
                ]
            ],
            "link_4": [
                [
                    -0.737783737087418,
                    0.37456546149659115,
                    -0.5615492077378814,
                    0.0765777100021981
                ],
                [
                    -0.4300000895263305,
                    -0.9020595756041085,
                    -0.03674350876217947,
                    2.050484637828326
                ],
                [
                    -0.5203236691373405,
                    0.21436155784714342,
                    0.8266039210048995,
                    1.790590676206756
                ],
                [
                    0.0,
                    0.0,
                    0.0,
                    1.0
                ]
            ],
            "link_5": [
                [
                    0.16813059387491014,
                    -0.9118097246343576,
                    0.37456210410739593,
                    0.8037839340227544
                ],
                [
                    0.29343371590914386,
                    -0.31645119876997096,
                    -0.9020625995642837,
                    2.0980674816753484
                ],
                [
                    0.9410581268651236,
                    0.26157848769946307,
                    0.214354699043058,
                    0.7201385985054112
                ],
                [
                    0.0,
                    0.0,
                    0.0,
                    1.0
                ]
            ],
            "link_6": [
                [
                    -0.015761264985259094,
                    -0.41026057567189717,
                    -0.9118111004716388,
                    0.9633506358337669
                ],
                [
                    0.6636170755800832,
                    0.6778161647904304,
                    -0.3164478853068919,
                    2.153446441460093
                ],
                [
                    0.7478807390837634,
                    -0.6100927365294796,
                    0.26157770032892397,
                    0.6743623631580051
                ],
                [
                    0.0,
                    0.0,
                    0.0,
                    1.0
                ]
            ],
            "tool0": [
                [
                    -0.015761264985259094,
                    0.4101760913393668,
                    0.9118491086728643,
                    0.9633506358337669
                ],
                [
                    0.6636170755800832,
                    -0.6778454819135245,
                    0.316385081847791,
                    2.153446441460093
                ],
                [
                    0.7478807390837634,
                    0.6101169700236624,
                    -0.2615211719240773,
                    0.6743623631580051
                ],
                [
                    0.0,
                    0.0,
                    0.0,
                    1.0
                ]
            ],
            "y_prismatic": [
                [
                    1.0,
                    0.0,
                    0.0,
                    0.0
                ],
                [
                    0.0,
                    1.0,
                    0.0,
                    2.0454692931243175
                ],
                [
                    0.0,
                    0.0,
                    1.0,
                    0.0
                ],
                [
                    0.0,
                    0.0,
                    0.0,
                    1.0
                ]
            ]
        },
        "sdf_distance": 8.554543495178223,
        "sphere_radius": 0.08500000089406967,
        "timestamp": "2025-04-17 21:33:21",
        "workpiece_transform": [
            [
                1.0,
                0.0,
                0.0,
                0.0
            ],
            [
                0.0,
                1.0,
                0.0,
                0.0
            ],
            [
                0.0,
                0.0,
                1.0,
                0.0
            ],
            [
                0.0,
                0.0,
                0.0,
                1.0
            ]
        ]
    },
    {
        "collision_distance": 0.011103630065917969,
        "collision_object1_name": "workpiece",
        "collision_object2_name": "tool0",
        "collision_offset": 0.10000000149011612,
        "collision_point": {
            "x": 1.210927963256836,
            "y": 2.1119320392608643,
            "z": 0.4751516282558441
        },
        "collision_type": 2,
        "id": 10,
        "joint_pose": [
            2.0414688316915788,
            1.6348510019063012,
            -0.1869453411865026,
            -1.1549374833602324,
            0.3997646606142835,
            0.7304495687943792,
            0.45306662512730805
        ],
        "link_transforms": {
            "base_link": [
                [
                    0.0,
                    0.9999808199999999,
                    0.0,
                    0.0
                ],
                [
                    -0.9999808199999999,
                    0.0,
                    0.0,
                    2.0414688316915788
                ],
                [
                    0.0,
                    0.0,
                    0.9999808199999999,
                    0.0
                ],
                [
                    0.0,
                    0.0,
                    0.0,
                    1.0
                ]
            ],
            "link_1": [
                [
                    0.9979300599791124,
                    -0.06400965363097498,
                    0.0,
                    0.0
                ],
                [
                    0.06400965363097498,
                    0.9979300599791124,
                    0.0,
                    2.0414688316915788
                ],
                [
                    0.0,
                    0.0,
                    0.9999808199999999,
                    0.5649891632999999
                ],
                [
                    0.0,
                    0.0,
                    0.0,
                    1.0
                ]
            ],
            "link_2": [
                [
                    0.9805426339720791,
                    0.18547384606210143,
                    -0.06400965363054317,
                    0.14968950899686687
                ],
                [
                    0.06289506605488066,
                    0.011893125634004955,
                    0.9979300599723804,
                    2.051070279736225
                ],
                [
                    0.18585476587088748,
                    -0.9825577063752837,
                    -3.673134651286672e-06,
                    0.5649891632999999
                ],
                [
                    0.0,
                    0.0,
                    0.0,
                    1.0
                ]
            ],
            "link_3": [
                [
                    0.8220421178090861,
                    -0.5657844848426394,
                    0.06400245016540668,
                    -0.06360541397454977
                ],
                [
                    0.0527231273986632,
                    -0.03628478289593823,
                    -0.9979305219980859,
                    2.037393185257119
                ],
                [
                    0.5669467953460275,
                    0.8237311282265694,
                    2.307742788056113e-06,
                    1.694930525631576
                ],
                [
                    0.0,
                    0.0,
                    0.0,
                    1.0
                ]
            ],
            "link_4": [
                [
                    -0.7323210291333754,
                    0.3788958101408224,
                    -0.565778680859077,
                    0.07614174605299487
                ],
                [
                    -0.4369624695455127,
                    -0.8987264039793923,
                    -0.03628072996550685,
                    2.046356116914892
                ],
                [
                    -0.5222368723726754,
                    0.2206591403406464,
                    0.8237352932140312,
                    1.7913114808404007
                ],
                [
                    0.0,
                    0.0,
                    0.0,
                    1.0
                ]
            ],
            "link_5": [
                [
                    0.16800015522891354,
                    -0.9100428865033086,
                    0.3788925084184968,
                    0.8088251377654996
                ],
                [
                    0.3012684216166141,
                    -0.31856600394098766,
                    -0.898729480788061,
                    2.0933396622202234
                ],
                [
                    0.9386026456107868,
                    0.2651401256424052,
                    0.22065227801823104,
                    0.7245742761282303
                ],
                [
                    0.0,
                    0.0,
                    0.0,
                    1.0
                ]
            ],
            "link_6": [
                [
                    -0.014798740568630508,
                    -0.4142004940547933,
                    -0.9100442782470649,
                    0.9680826429035786
                ],
                [
                    0.6642698583852376,
                    0.6761841465486625,
                    -0.31856270272112325,
                    2.1490887129098963
                ],
                [
                    0.7473206760730714,
                    -0.6092409958701857,
                    0.26513931513954286,
                    0.6781747541408094
                ],
                [
                    0.0,
                    0.0,
                    0.0,
                    1.0
                ]
            ],
            "tool0": [
                [
                    -0.014798740568630508,
                    0.4141161734077728,
                    0.9100826515034554,
                    0.9680826429035786
                ],
                [
                    0.6642698583852376,
                    -0.6762136596241868,
                    0.31850005046529334,
                    2.1490887129098963
                ],
                [
                    0.7473206760730714,
                    0.6092655593644216,
                    -0.26508286563623806,
                    0.6781747541408094
                ],
                [
                    0.0,
                    0.0,
                    0.0,
                    1.0
                ]
            ],
            "y_prismatic": [
                [
                    1.0,
                    0.0,
                    0.0,
                    0.0
                ],
                [
                    0.0,
                    1.0,
                    0.0,
                    2.0414688316915788
                ],
                [
                    0.0,
                    0.0,
                    1.0,
                    0.0
                ],
                [
                    0.0,
                    0.0,
                    0.0,
                    1.0
                ]
            ]
        },
        "sdf_distance": 8.511103630065918,
        "sphere_radius": 0.08500000089406967,
        "timestamp": "2025-04-17 21:33:21",
        "workpiece_transform": [
            [
                1.0,
                0.0,
                0.0,
                0.0
            ],
            [
                0.0,
                1.0,
                0.0,
                0.0
            ],
            [
                0.0,
                0.0,
                1.0,
                0.0
            ],
            [
                0.0,
                0.0,
                0.0,
                1.0
            ]
        ]
    },
    {
        "collision_distance": 0.08610820770263672,
        "collision_object1_name": "workpiece",
        "collision_object2_name": "tool0",
        "collision_offset": 0.10000000149011612,
        "collision_point": {
            "x": 1.767286777496338,
            "y": 0.5273571610450745,
            "z": 0.5888792276382446
        },
        "collision_type": 2,
        "id": 11,
        "joint_pose": [
            0.4994442498299959,
            1.6142679944910736,
            0.23805073226828027,
            -0.44409944874501084,
            0.13273976435392168,
            0.006034904910270445,
            0.1331487549468836
        ],
        "link_transforms": {
            "base_link": [
                [
                    0.0,
                    0.9999808199999999,
                    0.0,
                    0.0
                ],
                [
                    -0.9999808199999999,
                    0.0,
                    0.0,
                    0.4994442498299959
                ],
                [
                    0.0,
                    0.0,
                    0.9999808199999999,
                    0.0
                ],
                [
                    0.0,
                    0.0,
                    0.0,
                    1.0
                ]
            ],
            "link_1": [
                [
                    0.9990360939684559,
                    -0.04345714344181586,
                    0.0,
                    0.0
                ],
                [
                    0.04345714344181586,
                    0.9990360939684559,
                    0.0,
                    0.4994442498299959
                ],
                [
                    0.0,
                    0.0,
                    0.9999808199999999,
                    0.5649891632999999
                ],
                [
                    0.0,
                    0.0,
                    0.0,
                    1.0
                ]
            ],
            "link_2": [
                [
                    0.9708627895148436,
                    -0.23558132563348877,
                    -0.0434571434415227,
                    0.1498554140952684
                ],
                [
                    0.042230763853481505,
                    -0.010251142079811263,
                    0.9990360939617164,
                    0.5059628213462682
                ],
                [
                    -0.23580425544862516,
                    -0.9717808361285482,
                    -3.673134651286672e-06,
                    0.5649891632999999
                ],
                [
                    0.0,
                    0.0,
                    0.0,
                    1.0
                ]
            ],
            "link_3": [
                [
                    0.6298529485040618,
                    -0.7754734039062601,
                    0.04345001107768679,
                    0.4207739385737804
                ],
                [
                    0.02739771363588944,
                    -0.033723415891565654,
                    -0.9990364041795489,
                    0.5177516347380512
                ],
                [
                    0.7762063314068872,
                    0.6304485477995138,
                    5.405423216792688e-06,
                    1.6825371248478302
                ],
                [
                    0.0,
                    0.0,
                    0.0,
                    1.0
                ]
            ],
            "link_4": [
                [
                    -0.6185675375555367,
                    0.12642693798702825,
                    -0.7754689363227755,
                    0.5278489398194709
                ],
                [
                    -0.15937972448492832,
                    -0.9866218810057621,
                    -0.03371954494996676,
                    0.5224092460561524
                ],
                [
                    -0.7693724359979769,
                    0.10273818004884355,
                    0.6304542500885083,
                    1.814492201187001
                ],
                [
                    0.0,
                    0.0,
                    0.0,
                    1.0
                ]
            ],
            "link_5": [
                [
                    0.6138773521192944,
                    -0.7791873298896067,
                    0.12642524218834675,
                    1.5320812123574652
                ],
                [
                    0.15916605929846986,
                    -0.03468434682220351,
                    -0.9866229279825124,
                    0.5660760567663593
                ],
                [
                    0.7731638910931322,
                    0.6258000810106176,
                    0.10273021213209273,
                    0.9980539473223828
                ],
                [
                    0.0,
                    0.0,
                    0.0,
                    1.0
                ]
            ],
            "link_6": [
                [
                    0.5916605073837412,
                    -0.20679909484965248,
                    -0.779187794270195,
                    1.6684389950881464
                ],
                [
                    0.2887370623771387,
                    0.9567600517616638,
                    -0.03468072275359537,
                    0.572145817460245
                ],
                [
                    0.7526821328954924,
                    -0.20446510237753487,
                    0.6257997036572565,
                    0.8885389331455248
                ],
                [
                    0.0,
                    0.0,
                    0.0,
                    1.0
                ]
            ],
            "tool0": [
                [
                    0.5916605073837412,
                    0.20672689941584088,
                    0.7792069516041296,
                    1.6684389950881464
                ],
                [
                    0.2887370623771387,
                    -0.9567632609483758,
                    0.03459207535149431,
                    0.572145817460245
                ],
                [
                    0.7526821328954924,
                    0.20452308408885267,
                    -0.6257807565454133,
                    0.8885389331455248
                ],
                [
                    0.0,
                    0.0,
                    0.0,
                    1.0
                ]
            ],
            "y_prismatic": [
                [
                    1.0,
                    0.0,
                    0.0,
                    0.0
                ],
                [
                    0.0,
                    1.0,
                    0.0,
                    0.4994442498299959
                ],
                [
                    0.0,
                    0.0,
                    1.0,
                    0.0
                ],
                [
                    0.0,
                    0.0,
                    0.0,
                    1.0
                ]
            ]
        },
        "sdf_distance": 8.586108207702637,
        "sphere_radius": 0.08500000089406967,
        "timestamp": "2025-04-17 21:33:21",
        "workpiece_transform": [
            [
                1.0,
                0.0,
                0.0,
                0.0
            ],
            [
                0.0,
                1.0,
                0.0,
                0.0
            ],
            [
                0.0,
                0.0,
                1.0,
                0.0
            ],
            [
                0.0,
                0.0,
                0.0,
                1.0
            ]
        ]
    },
    {
        "collision_distance": 0.09717273712158203,
        "collision_object1_name": "workpiece",
        "collision_object2_name": "tool0",
        "collision_offset": 0.10000000149011612,
        "collision_point": {
            "x": 1.7687329053878784,
            "y": 0.5373018383979797,
            "z": 0.5839241743087769
        },
        "collision_type": 2,
        "id": 12,
        "joint_pose": [
            0.5094453534271266,
            1.6146895843594766,
            0.24536670350656528,
            -0.43579518622624175,
            0.1318082833229464,
            -0.012841205702236694,
            0.13279377783483307
        ],
        "link_transforms": {
            "base_link": [
                [
                    0.0,
                    0.9999808199999999,
                    0.0,
                    0.0
                ],
                [
                    -0.9999808199999999,
                    0.0,
                    0.0,
                    0.5094453534271266
                ],
                [
                    0.0,
                    0.0,
                    0.9999808199999999,
                    0.0
                ],
                [
                    0.0,
                    0.0,
                    0.0,
                    1.0
                ]
            ],
            "link_1": [
                [
                    0.999017684094268,
                    -0.043878323062731976,
                    0.0,
                    0.0
                ],
                [
                    0.043878323062731976,
                    0.999017684094268,
                    0.0,
                    0.5094453534271266
                ],
                [
                    0.0,
                    0.0,
                    0.9999808199999999,
                    0.5649891632999999
                ],
                [
                    0.0,
                    0.0,
                    0.0,
                    1.0
                ]
            ],
            "link_2": [
                [
                    0.9690954587553546,
                    -0.24267328850297867,
                    -0.04387832306243597,
                    0.1498526526141402
                ],
                [
                    0.042563201896519735,
                    -0.010662133584771725,
                    0.9990176840875287,
                    0.5160271018865364
                ],
                [
                    -0.24290740217609164,
                    -0.9700297079587011,
                    -3.673134651286672e-06,
                    0.5649891632999999
                ],
                [
                    0.0,
                    0.0,
                    0.0,
                    1.0
                ]
            ],
            "link_3": [
                [
                    0.6290746528488287,
                    -0.776081206445883,
                    0.043871203681934055,
                    0.4289269343925657
                ],
                [
                    0.027629634243595463,
                    -0.034077644488026804,
                    -0.9990179967475991,
                    0.5282885555090239
                ],
                [
                    0.7768290190399452,
                    0.6296811220892079,
                    5.45760589366425e-06,
                    1.6805233274525062
                ],
                [
                    0.0,
                    0.0,
                    0.0,
                    1.0
                ]
            ],
            "link_4": [
                [
                    -0.6178581375317355,
                    0.1261659477606022,
                    -0.7760767461271837,
                    0.5358696253768666
                ],
                [
                    -0.1586881283207754,
                    -0.986721184715181,
                    -0.03407377191024631,
                    0.532985593330435
                ],
                [
                    -0.7700850863273075,
                    0.10210336736764049,
                    0.6296868289525555,
                    1.812584260689297
                ],
                [
                    0.0,
                    0.0,
                    0.0,
                    1.0
                ]
            ],
            "link_5": [
                [
                    0.6277736049661676,
                    -0.7680784601355317,
                    0.12616425940608317,
                    1.5408890116115694
                ],
                [
                    0.15910537950182826,
                    -0.03203698894517564,
                    -0.9867222253100304,
                    0.577111127954204
                ],
                [
                    0.7619366243259565,
                    0.639523846922873,
                    0.10209539703438465,
                    0.9971398171957377
                ],
                [
                    0.0,
                    0.0,
                    0.0,
                    1.0
                ]
            ],
            "link_6": [
                [
                    0.6055423369985822,
                    -0.20817032847368386,
                    -0.7680789235575517,
                    1.6753027421352875
                ],
                [
                    0.2883504167691372,
                    0.9569689342267015,
                    -0.03203336451184591,
                    0.5827176010196098
                ],
                [
                    0.7417102908947896,
                    -0.20208219524748455,
                    0.6395234719012254,
                    0.885223143984235
                ],
                [
                    0.0,
                    0.0,
                    0.0,
                    1.0
                ]
            ],
            "tool0": [
                [
                    0.6055423369985822,
                    0.20809916231073505,
                    0.7680982079888868,
                    1.6753027421352875
                ],
                [
                    0.2883504167691372,
                    -0.9569718981252727,
                    0.031944697767398014,
                    0.5827176010196098
                ],
                [
                    0.7417102908947896,
                    0.2021414485254221,
                    -0.6395047455153746,
                    0.885223143984235
                ],
                [
                    0.0,
                    0.0,
                    0.0,
                    1.0
                ]
            ],
            "y_prismatic": [
                [
                    1.0,
                    0.0,
                    0.0,
                    0.0
                ],
                [
                    0.0,
                    1.0,
                    0.0,
                    0.5094453534271266
                ],
                [
                    0.0,
                    0.0,
                    1.0,
                    0.0
                ],
                [
                    0.0,
                    0.0,
                    0.0,
                    1.0
                ]
            ]
        },
        "sdf_distance": 8.597172737121582,
        "sphere_radius": 0.08500000089406967,
        "timestamp": "2025-04-17 21:33:21",
        "workpiece_transform": [
            [
                1.0,
                0.0,
                0.0,
                0.0
            ],
            [
                0.0,
                1.0,
                0.0,
                0.0
            ],
            [
                0.0,
                0.0,
                1.0,
                0.0
            ],
            [
                0.0,
                0.0,
                0.0,
                1.0
            ]
        ]
    },
    {
        "collision_distance": 0.05540752410888672,
        "collision_object1_name": "workpiece",
        "collision_object2_name": "tool0",
        "collision_offset": 0.10000000149011612,
        "collision_point": {
            "x": 1.8192353248596191,
            "y": 0.5167912840843201,
            "z": 0.5403620004653931
        },
        "collision_type": 2,
        "id": 13,
        "joint_pose": [
            0.4854434089232806,
            1.6258009283687245,
            0.3588779999480416,
            -0.2942860731135876,
            0.14642147585480314,
            -0.25704695774602576,
            0.14297711046086037
        ],
        "link_transforms": {
            "base_link": [
                [
                    0.0,
                    0.9999808199999999,
                    0.0,
                    0.0
                ],
                [
                    -0.9999808199999999,
                    0.0,
                    0.0,
                    0.4854434089232806
                ],
                [
                    0.0,
                    0.0,
                    0.9999808199999999,
                    0.0
                ],
                [
                    0.0,
                    0.0,
                    0.0,
                    1.0
                ]
            ],
            "link_1": [
                [
                    0.9984684772753348,
                    -0.054975815185827705,
                    0.0,
                    0.0
                ],
                [
                    0.054975815185827705,
                    0.9984684772753348,
                    0.0,
                    0.4854434089232806
                ],
                [
                    0.0,
                    0.0,
                    0.9999808199999999,
                    0.5649891632999999
                ],
                [
                    0.0,
                    0.0,
                    0.0,
                    1.0
                ]
            ],
            "link_2": [
                [
                    0.9348576054475053,
                    -0.3506858389634854,
                    -0.054975815185456835,
                    0.1497702715913002
                ],
                [
                    0.0514720995642526,
                    -0.01931225608894758,
                    0.9984684772685991,
                    0.49368978120115475
                ],
                [
                    -0.3512171989969694,
                    -0.9362735281332608,
                    -3.6731346512866716e-06,
                    0.5649891632999999
                ],
                [
                    0.0,
                    0.0,
                    0.0,
                    1.0
                ]
            ],
            "link_3": [
                [
                    0.6067685737788827,
                    -0.7929514191121476,
                    0.05496894732705574,
                    0.5530589863993084
                ],
                [
                    0.033409550692152026,
                    -0.04365074033618276,
                    -0.9984688553773344,
                    0.5158988757034445
                ],
                [
                    0.7941519628917137,
                    0.607687666621602,
                    6.2532950014094454e-06,
                    1.6417037206532499
                ],
                [
                    0.0,
                    0.0,
                    0.0,
                    1.0
                ]
            ],
            "link_4": [
                [
                    -0.5922621371843826,
                    0.1429055535628061,
                    -0.7929471634267748,
                    0.6562096439417184
                ],
                [
                    -0.17872784267286257,
                    -0.9829104501870137,
                    -0.04364682731355105,
                    0.5215784993211103
                ],
                [
                    -0.7856484961349859,
                    0.11587359510234593,
                    0.6076935007442202,
                    1.7767095543448412
                ],
                [
                    0.0,
                    0.0,
                    0.0,
                    1.0
                ]
            ],
            "link_5": [
                [
                    0.7743917107371802,
                    -0.6163258331143119,
                    0.14290411521494353,
                    1.6830762205793919
                ],
                [
                    0.1839458044932619,
                    0.0032190655977369156,
                    -0.9829116028381578,
                    0.5781011406921589
                ],
                [
                    0.6053454053007614,
                    0.7874603135526893,
                    0.11586559121943836,
                    0.989746470881076
                ],
                [
                    0.0,
                    0.0,
                    0.0,
                    1.0
                ]
            ],
            "link_6": [
                [
                    0.7461277993727885,
                    -0.25178714775193667,
                    -0.6163263580262794,
                    1.7909332413743964
                ],
                [
                    0.32212439217743694,
                    0.9466716065729297,
                    0.003222676033630897,
                    0.577537804212555
                ],
                [
                    0.5826584105076575,
                    -0.200942135709376,
                    0.7874598879492961,
                    0.8519409160093554
                ],
                [
                    0.0,
                    0.0,
                    0.0,
                    1.0
                ]
            ],
            "tool0": [
                [
                    0.7461277993727885,
                    0.25173004182170616,
                    0.6163496843638644,
                    1.7909332413743964
                ],
                [
                    0.32212439217743694,
                    -0.9466713039169868,
                    -0.0033103885423767087,
                    0.577537804212555
                ],
                [
                    0.5826584105076575,
                    0.20101509583219543,
                    -0.78744126655906,
                    0.8519409160093554
                ],
                [
                    0.0,
                    0.0,
                    0.0,
                    1.0
                ]
            ],
            "y_prismatic": [
                [
                    1.0,
                    0.0,
                    0.0,
                    0.0
                ],
                [
                    0.0,
                    1.0,
                    0.0,
                    0.4854434089232806
                ],
                [
                    0.0,
                    0.0,
                    1.0,
                    0.0
                ],
                [
                    0.0,
                    0.0,
                    0.0,
                    1.0
                ]
            ]
        },
        "sdf_distance": 8.555407524108887,
        "sphere_radius": 0.08500000089406967,
        "timestamp": "2025-04-17 21:33:21",
        "workpiece_transform": [
            [
                1.0,
                0.0,
                0.0,
                0.0
            ],
            [
                0.0,
                1.0,
                0.0,
                0.0
            ],
            [
                0.0,
                0.0,
                1.0,
                0.0
            ],
            [
                0.0,
                0.0,
                0.0,
                1.0
            ]
        ]
    },
    {
        "collision_distance": 0.07042217254638672,
        "collision_object1_name": "workpiece",
        "collision_object2_name": "tool0",
        "collision_offset": 0.10000000149011612,
        "collision_point": {
            "x": 1.8150945901870728,
            "y": 0.4972926378250122,
            "z": 0.5567203760147095
        },
        "collision_type": 2,
        "id": 14,
        "joint_pose": [
            0.4654400295536345,
            1.6246998242811461,
            0.33095148565219035,
            -0.32518225784912735,
            0.14713151907597724,
